DOV Cyst	V.100 isotopes ref: http://www.chemicalelements.com/
H  1.0079      Hydrogen    6     0.12  0.32  0.82  1.007825035  99.989  2.014101779  0.0115  
He 4.0026      Helium      9     0.3   1.5   2     3.01602931   1.37e-4 4.00260324   99.999863 
Li 6.941       Lithium     5     0.16  1.52  2.02  6.0151214    7.59    7.0160030    92.41   
Be 9.01218     Beryllium   9     0.3   1.11  1.61  9.0121822    100     
B  10.81       Boron       11    0.2   0.82  1.32  10.0129369   19.9    11.0093054   80.22   
C  12.011      Carbon      13    0.2   0.77  1.27  12           98.89   13.003354826 1.11    
N  14.0067     Nitrogen    3     0.2   0.7   1.2   14.003074002 99.632  15.00010897  0.368   
O  15.9994     Oxygen      2     0.2   0.66  1.16  15.99491463  99.757  16.9991312   0.038   17.9991603   0.205   
F  18.9984     Fluorine    1     0.2   0.64  1.14  18.99840322  100     
Ne 20.179      Neon        9     0.3   1.5   2     19.9924356   90.48   20.9938428   0.27    21.9913831   9.25    
Na 22.98977    Sodium      8     0.2   1.86  2.36  22.9897677   100     
Mg 24.305      Magnesium   9     0.25  1.6   2.1   23.9850423   78.99   24.9858374   10.00   25.9825937   11.01   
Al 26.98154    Aluminium   8     0.25  1.25  1.75  26.9815386   100     
Si 28.086      Silicon     12    0.3   1.17  1.67  27.9769271   92.2297 28.9764949   4.6832  29.9737707   3.0872  
P  30.97376    Phosphorus  5     0.3   1.1   1.6   30.9737620   100     
S  32.06       Sulfur      4     0.3   1.03  1.53  31.97207070  94.93   32.97145843  0.76    33.96786665  4.29    35.96708062  0.02    
Cl 35.453      Chlorine    9     0.3   0.99  1.49  34.968852721 75.78   36.96590262  24.22   
Ar 39.948      Argon       9     0.3   1.5   2     35.96754552  0.3365  37.9627325   0.0632  39.9623837   99.6003 
K  39.098      Potassium   8     0.25  1.27  1.77  38.9637074   93.2581 39.9639992   0.0117  40.9618254   6.7302  
Ca 40.08       Calcium     9     0.25  1.97  2.47  39.9625906   96.941  41.9586176   0.647   42.9587662   0.135   43.9554806   2.086   45.953689    0.004   47.952533    0.187   
Sc 44.9559     Scandium    9     0.25  1.61  2.11  44.9559100   100     
Ti 47.9        Titanium    9     0.25  1.45  1.95  45.9526294   8.25    46.9517640   7.44    47.9479473   73.72   48.9478711   5.41    49.9447921   5.18    
V  50.9414     Vanadium    9     0.25  1.31  1.81  49.9471609   0.250   50.9439617   99.750  
Cr 51.996      Chromium    5     0.25  1.24  1.74  49.9460464   4.345   51.9405098   83.789  52.9406513   9.501   53.9388825   2.365   
Mn 54.938      Manganese   8     0.25  1.37  1.87  54.9380471   100     
Fe 55.847      Iron        2     0.25  1.24  1.74  53.9396127   5.845   55.9349393   91.754  56.9353958   2.119   57.9332773   0.282   
Co 58.9332     Cobalt      3     0.25  1.25  1.75  58.9331976   100     
Ni 58.71       Nickel      1     0.25  1.25  1.75  57.9353462   68.0769 59.9307884   26.223  60.9310579   1.1399  61.9283461   3.6345  63.9279679   0.9256  
Cu 63.546      Copper      12    0.25  1.28  1.78  62.9295989   69.17   64.9277929   30.83   
Zn 63.38       Zinc        9     0.25  1.33  1.83  63.9291448   48.63   65.9260347   27.90   66.9271291   4.10    67.9248459   18.75   69.925325    0.62    
Ga 69.72       Gallium     9     0.3   1.26  1.76  68.925580    60.108  70.9247005   39.892  
Ge 72.59       Germanium   9     0.3   1.22  1.72  69.9242497   20.84   71.9220789   27.54   72.9234626   7.73    73.9211774   36.28   75.9214016   7.61    
As 74.9216     Arsenic     9     0.3   1.21  1.71  74.9215942   100     
Se 78.96       Selenium    11    0.3   1.17  1.67  73.9224746   0.89    75.9192120   9.37    76.9199125   7.63    77.9173076   23.77   79.9165196   49.61   81.9166978   8.73    
Br 79.904      Bromine     2     0.3   1.14  1.64  78.9183361   50.69   80.916289    49.31   
Kr 83.8        Krypton     9     0.3   1.5   2     77.920396    0.35    79.916380    2.28    81.913482    11.58   82.914135    11.49   83.911507    57.00   85.910616    17.30   
Rb 85.4678     Rubidium    9     0.3   2.48  2.98  84.911794    72.17   86.909187    27.83   
Sr 87.62       Strontium   9     0.3   1.15  1.65  83.913430    0.56    85.9092672   9.86    86.9088841   7.00    87.9056188   82.58   
Y  88.9059     Yttrium     9     0.3   1.78  2.28  89.905849    100     
Zr 91.22       Zirconium   9     0.3   1.59  2.09  89.9047026   51.45   90.9056439   11.22   91.9050386   17.15   93.9063148   17.38   95.908275    2.80    
Nb 92.9064     Niobium     9     0.3   1.43  1.93  92.9063772   100     
Mo 95.94       Molybdenum  9     0.3   1.36  1.86  91.906809    14.84   93.9050853   9.25    94.9058411   15.92   95.9046785   16.68   96.9060205   9.55    97.9054073   24.13   99.907477    9.63    
Tc 98.9062     Technetium  9     0.3   1.35  1.85  
Ru 101.07      Ruthenium   12    0.3   1.33  1.83  95.907599    5.54    97.905287    1.87    98.9059389   12.76   99.9042192   12.60   100.9055819  17.06   101.9043485  31.55   103.905424   18.62   
Rh 102.9055    Rhodium     9     0.3   1.35  1.85  102.905500   100     
Pd 106.4       Palladium   9     0.3   1.38  1.88  101.905634   1.02    103.904029   11.14   104.905079   22.33   105.903478   27.33   107.903895   26.46   109.905167   11.72   
Ag 107.868     Silver      10    0.3   1.44  1.94  106.905092   51.839  108.904756   48.161  
Cd 112.4       Cadmium     9     0.3   1.49  1.99  105.906461   1.25    107.904176   0.89    109.903005   12.49   110.904182   12.80   111.902757   24.13   112.904400   12.22   113.903357   28.73   115.904755   7.49    
In 114.82      Indium      9     0.3   1.44  1.94  112.904061   4.29    114.903882   95.71   
Sn 118.69      Tin         11    0.3   1.4   1.9   111.904826   0.97    113.902784   0.66    114.903348   0.34    115.901747   14.54   116.902956   7.68    117.901609   24.22   118.903311   8.59    119.9021991  32.58   121.9034404  4.63    123.9052743  5.79    
Sb 121.75      Antimony    12    0.3   1.41  1.91  120.9038212  57.21   122.9042160  42.79   
Te 127.6       Tellurium   9     0.3   1.37  1.87  119.904048   0.09    121.903050   2.55    122.9042710  0.89    123.9028180  4.74    124.9044285  7.07    125.903310   18.84   127.904463   31.74   129.906229   34.08   
I  126.9045    Iodine      5     0.3   1.33  1.83  126.904473   100     
Xe 131.3       Xenon       9     0.3   1.5   2     123.9058942  0.09    125.904281   0.09    127.9035312  1.92    128.9047801  26.44   129.9035094  4.08    130.905072   21.18   131.904144   26.89   133.905395   10.44   135.907214   8.87    
Cs 132.9054    Cesium      9     0.3   2.65  3.15  132.905429   100     
Ba 137.34      Barium      9     0.3   2.17  2.67  129.906282   0.106   131.905042   0.101   133.904486   2.417   134.905665   6.592   135.904553   7.854   136.905812   11.232  137.905232   71.698  
La 138.9055    Lanthanum   9     0.3   1.87  2.37  137.907105   0.090   138.906347   99.910  
Ce 140.12      Cerium      9     0.3   1.83  2.33  135.907140   0.185   137.905985   0.251   139.905433   88.450  141.909241   11.114  
Pr 140.9077    Praseodymium 9     0.3   1.82  2.32  140.907647   100     
Nd 144.24      Neodymium   9     0.3   1.81  2.31  141.907719   27.2    142.909810   12.2    143.910083   23.8    144.912570   8.3     145.913113   17.2    147.916889   5.7     149.920887   5.6     
Pm 145         Promethium  9     0.3   1.81  2.31  
Sm 150.4       Samarium    9     0.3   1.8   2.3   143.911998   3.07    146.914894   14.99   147.914819   11.24   148.917180   13.82   149.917273   7.38    151.919728   26.75   153.922205   22.75   
Eu 151.96      Europium    9     0.3   2     2.5   150.919702   47.81   152.921225   52.19   
Gd 157.25      Gadolinium  9     0.3   1.79  2.29  151.919786   0.20    153.920861   2.18    154.922618   14.80   155.922118   20.47   156.923956   15.65   157.924019   24.84   159.927049   21.86   
Tb 158.9254    Terbium     9     0.3   1.76  2.26  158.925342   100     
Dy 162.5       Dysprosium  9     0.3   1.75  2.25  155.924277   0.06    157.924403   0.10    159.925193   2.34    160.926930   18.91   161.926795   25.51   162.928728   24.90   163.929171   28.18   
Ho 164.9304    Holmium     9     0.3   1.74  2.24  164.930319   100     
Er 167.26      Erbium      9     0.3   1.73  2.23  161.928775   0.14    163.929198   1.61    165.930290   33.61   166.932046   22.93   167.932368   26.78   169.935461   14.93   
Tm 168.9342    Thulium     9     0.3   1.72  2.22  168.934212   100     
Yb 173.04      Ytterbium   9     0.3   1.94  2.44  167.933894   0.13    169.934759   3.04    170.936323   14.28   171.936378   21.83   172.938208   16.13   173.938859   31.83   175.942564   12.76   
Lu 174.97      Lutetium    9     0.3   1.72  2.22  174.940770   97.41   175.942679   2.59    
Hf 178.49      Hafnium     9     0.3   1.56  2.06  173.940044   0.16    175.941406   5.26    176.943217   18.60   177.943696   27.28   178.9458122  13.62   179.9465457  35.08   
Ta 180.9479    Tantalum    9     0.3   1.43  1.93  179.947462   0.012   180.947992   99.988  
W  183.85      Tungsten    9     0.3   1.37  1.87  179.946701   0.12    181.948202   26.50   182.950220   14.31   183.950928   30.64   185.954357   28.43   
Re 186.2       Rhenium     9     0.3   1.37  1.87  184.952951   37.40   186.955744   62.60   
Os 190.2       Osmium      10    0.3   1.34  1.84  183.952488   0.02    185.953830   1.59    186.955741   1.96    187.955830   13.24   188.958137   16.15   189.958436   26.26   191.961467   40.78   
Ir 192.22      Iridium     9     0.3   1.36  1.86  190.960584   37.3    192.962917   62.7    
Pt 195.09      Platinum    10    0.3   1.37  1.87  189.959917   0.014   191.961019   0.782   193.962655   32.967  194.964766   33.832  195.964926   25.242  197.967869   7.163   
Au 196.9665    Gold        11    0.3   1.44  1.94  196.966543   100     
Hg 200.59      Mercury     11    0.3   1.5   2     196.966543   0.15    197.966743   9.97    198.968254   16.87   199.968300   23.10   200.970277   13.18   201.970617   29.86   203.973467   6.87    
Tl 204.37      Thallium    9     0.3   1.64  2.14  202.972320   29.524  204.974401   70.476  
Pb 207.2       Lead        9     0.3   1.6   2.1   203.973020   1.4     205.974440   24.1    206.975872   22.1    207.976627   52.4    
Bi 208.9804    Bismuth     9     0.3   1.6   2.1   208.980374   100     
Po 209         Polonium    9     0.3   1.6   2.1   
At 210         Astatine    9     0.3   1.6   2.1   
Rn 222         Radon       9     0.3   1.8   2.3   
Fr 223         Francium    9     0.3   2.8   3.3   
Ra 226.0254    Radium      9     0.3   2.2   2.7   
Ac 227         Actinium    9     0.3   1.9   2.4   
Th 232.0381    Thorium     9     0.3   1.85  2.35  232.0381     100     
Pa 231.0359    Protactinium 9     0.3   1.8   2.3   231.0359     100     
U  238.029     Uranium     9     0.3   1.8   2.3   234.0409468  0.0055  235.0439242  0.7200  238.0507847  99.2745 
Np 237.0482    Neptunium   9     0.3   1.8   2.3   
Pu 244         Plutonium   9     0.3   1.8   2.3   
Am 243         Americium   9     0.3   1.8   2.3   
Cm 247         Curium      9     0.3   1.8   2.3   
Bk 247         Berkelium   9     0.3   1.8   2.3   
Cf 251         Californium 9     0.3   1.8   2.3   
Es 254         Einsteinium 9     0.3   1.8   2.3   
Fm 257         Fermium     9     0.3   1.8   2.3   
Md 258         Mendelevium 9     0.3   1.8   2.3   
No 255         Nobelium    9     0.3   1.8   2.3   
Lr 256         Lawrencium  9     0.3   1.8   2.3   
Ku 261         ?           9     0.3   1.8   2.3   
Q  0           Peak        13    0.2   0.77  1.27  
D  2.0141      Deuterium   6     0.12  0.32  0.82  1.007825035  99.989  2.014101779  0.0115  